solution(2, 2, 2)

Distinct Cases : 16
Non-Equal Cases : 7
-------------------
00
00
-------------------
00
10

01
00

00
01

10
00
-------------------
01
11

10
11

11
10

11
01
-------------------
11
00

00
11
-------------------
01
10

10
01
-------------------
10
10

01
01
-------------------
11
11

====================================================
solution(2, 2, 3)

Distinct Cases : 81
Non-Equal Cases : 27
-------------------
21
00

00
21

12
00

00
12
-------------------
21
11

12
11

11
12

11
21
-------------------
01
21

12
10

10
12

21
01
-------------------
01
12

21
10

12
01

10
21
-------------------
01
00

10
00

00
01

00
10
-------------------
22
10

22
01

10
22

01
22
-------------------
02
21

21
02

12
20

20
12
-------------------
02
01

01
02

10
20

20
10
-------------------
20
01

01
20

02
10

10
02
-------------------
10
10

01
01
-------------------
02
12

21
20

12
02

20
21
-------------------
00
20

20
00

00
02

02
00
-------------------
22
21

22
12

12
22

21
22
-------------------
11
01

01
11

11
10

10
11
-------------------
20
11

11
20

02
11

11
02
-------------------
00
22

22
00
-------------------
20
22

22
20

02
22

22
02
-------------------
12
12

21
21
-------------------
12
21

21
12
-------------------
00
00
-------------------
10
01

01
10
-------------------
02
20

20
02
-------------------
00
11

11
00
-------------------
11
22

22
11
-------------------
02
02

20
20
-------------------
11
11
-------------------
22
22

====================================================
solution(2, 3, 2)
-------------------
111
000
-------------------
111
101

111
110
-------------------
001
010
-------------------
101
100
-------------------
011
001

110
010
-------------------



(1, 1, 1, 1, 1, 0), (1, 0, 0, 0, 0, 0), (0, 1, 0, 1, 0, 0), (1, 0, 0, 1, 1, 1), (1, 0, 1, 0, 1, 1), (1, 1, 0, 1, 1, 0), (0, 1, 0, 0, 0, 1), (0, 0, 1, 0, 0, 1), (0, 1, 1, 1, 1, 1), (0, 0, 0, 1, 1, 0), (0, 0, 1, 1, 0, 0), (1, 1, 0, 1, 0, 1), (1, 1, 1, 0, 1, 1), (0, 0, 0, 0, 0, 0), (1, 1, 0, 0, 0, 1), (1, 0, 0, 0, 1, 1), (1, 0, 1, 1, 1, 1), (1, 1, 1, 1, 0, 0), (0, 1, 1, 0, 0, 0), (0, 1, 1, 0, 1, 1), (1, 0, 1, 0, 1, 0), (0, 1, 0, 1, 1, 1), (0, 0, 0, 0, 1, 1), (0, 0, 1, 1, 1, 1), (0, 0, 1, 0, 0, 0), (0, 1, 1, 1, 1, 0), (1, 0, 0, 1, 0, 1), (0, 1, 0, 0, 0, 0), (1, 0, 0, 1, 1, 0), (0, 0, 0, 1, 0, 1), (0, 1, 0, 0, 1, 1), (1, 0, 1, 0, 0, 1), (1, 1, 0, 1, 0, 0), (1, 1, 1, 0, 0, 1), (1, 1, 1, 0, 1, 0), (1, 0, 1, 1, 0, 1), (0, 1, 1, 1, 0, 1), (1, 0, 1, 1, 1, 0), (1, 1, 1, 1, 1, 1), (1, 0, 0, 0, 0, 1), (0, 0, 1, 0, 1, 1), (0, 1, 1, 0, 1, 0), (1, 0, 0, 0, 1, 0), (1, 1, 0, 0, 0, 0), (1, 1, 0, 0, 1, 1), (0, 1, 0, 1, 1, 0), (1, 0, 0, 1, 0, 0), (0, 0, 1, 1, 1, 0), (0, 1, 0, 1, 0, 1), (1, 1, 0, 1, 1, 1), (0, 0, 0, 1, 0, 0), (0, 0, 0, 0, 1, 0), (0, 1, 0, 0, 1, 0), (0, 0, 0, 1, 1, 1), (1, 0, 1, 0, 0, 0), (0, 0, 0, 0, 0, 1), (0, 0, 1, 1, 0, 1), (0, 1, 1, 1, 0, 0))